5.027082212696980523e-01 1
5.027082212696980523e-01 1.114839681998029365e-08
5.135628155370249859e-01 1.069801875410282851e-08
5.244174098043520305e-01 1.061409737910155436e-08
5.352720040716788530e-01 1.080300730661645050e-08
5.461265983390058976e-01 1.068217045699355221e-08
5.569811926063328311e-01 1.072983614427902434e-08
5.678357868736596537e-01 1.040182534798503188e-08
5.786903811409868092e-01 1.076513194625822433e-08
5.895449754083135208e-01 1.057225120823400659e-08
6.003995696756405653e-01 1.061925579632914067e-08
6.112541639429676099e-01 1.053895656934341959e-08
6.221087582102944324e-01 1.059124701618615078e-08
6.329633524776213660e-01 1.064218899520375796e-08
6.438179467449484106e-01 1.058221650407314446e-08
6.546725410122753441e-01 1.051292895158869889e-08
6.655271352796023887e-01 1.042397524829285385e-08
6.763817295469291002e-01 1.045666914638663704e-08
6.872363238142561448e-01 1.043304312279029530e-08
6.980909180815831894e-01 1.034654737290689308e-08
7.089455123489100119e-01 1.039784624837511254e-08
7.198001066162370565e-01 1.024538023006583368e-08
7.306547008835638790e-01 1.040842172681372466e-08
7.415092951508909236e-01 1.044540261663770026e-08
7.523638894182179682e-01 1.047519604875822815e-08
7.632184836855446797e-01 1.020844011650410527e-08
7.740730779528717242e-01 1.048339256037073941e-08
7.849276722201985468e-01 1.030986292905411879e-08
7.957822664875255914e-01 1.025144312168324364e-08
8.066368607548525249e-01 1.024406104108173011e-08
8.174914550221794585e-01 1.043782376486293490e-08
8.283460492895065030e-01 1.020989336474833090e-08
8.392006435568333256e-01 1.049339774220537646e-08
8.500552378241603702e-01 1.013680358131302743e-08
8.609098320914873037e-01 1.030493040774263845e-08
8.717644263588142373e-01 1.035703826055207124e-08
8.826190206261411708e-01 1.043706047978548974e-08
8.934736148934681044e-01 1.026444913302237455e-08
9.043282091607950379e-01 1.022002872358612119e-08
9.151828034281220825e-01 1.021325337571567781e-08
9.260373976954490161e-01 9.960003518138541185e-09
9.368919919627758386e-01 1.003944647287748703e-08
9.477465862301027721e-01 1.019925966998587317e-08
9.586011804974298167e-01 1.012790892461270835e-08
9.694557747647568613e-01 1.018011169757713839e-08
9.803103690320837948e-01 1.027342801256430062e-08
9.911649632994107284e-01 1.021066374331838980e-08
1.002019557566737662e+00 1.005523522954129667e-08
1.012874151834064707e+00 1.023380329113942592e-08
1.023728746101391529e+00 1.011435825212748669e-08
1.034583340368718352e+00 1.016032216034861406e-08
1.045437934636045396e+00 9.936241795253644017e-09
1.056292528903372441e+00 1.008758696646595712e-08
1.067147123170699485e+00 1.015313377494203701e-08
1.078001717438026308e+00 1.012466447762268185e-08
1.088856311705353352e+00 1.008734312887278208e-08
1.099710905972679953e+00 1.000087593742571717e-08
1.110565500240006998e+00 1.010701406406844247e-08
1.121420094507334042e+00 1.001653273300827464e-08
1.132274688774660865e+00 1.012131758414827678e-08
1.143129283041987909e+00 1.004082606532054665e-08
1.153983877309314954e+00 9.965994105679952616e-09
1.164838471576641998e+00 9.857254651144802549e-09
1.175693065843968821e+00 1.002675619390050856e-08
1.186547660111295643e+00 1.013207768441385853e-08
1.197402254378622688e+00 1.000710673315253452e-08
1.208256848645949511e+00 9.932271637032442336e-09
1.219111442913276777e+00 9.882864089975028816e-09
1.229966037180603600e+00 9.941088666978248131e-09
1.240820631447930422e+00 1.010872539432712906e-08
1.251675225715257245e+00 1.002980947103751325e-08
1.262529819982584289e+00 9.962506564770757710e-09
1.273384414249911334e+00 1.000586746927568426e-08
1.284239008517238378e+00 1.012965118639980412e-08
1.295093602784565201e+00 9.920842993199253079e-09
1.305948197051892246e+00 9.969966964941076697e-09
1.316802791319219068e+00 1.002292244893975703e-08
1.327657385586545891e+00 9.977551811429076249e-09
1.338511979853873157e+00 9.953708148369778986e-09
1.349366574121199758e+00 1.009341212125797972e-08
1.360221168388526802e+00 9.948292210100382817e-09
1.371075762655853847e+00 9.936862932128471761e-09
1.381930356923180669e+00 9.846889581784129621e-09
1.392784951190507936e+00 1.003636347065965360e-08
1.403639545457834537e+00 9.990929279000273699e-09
1.414494139725161581e+00 9.997081307717715446e-09
1.425348733992488626e+00 1.000312529405477885e-08
1.436203328259815670e+00 9.966426164071466251e-09
1.447057922527142715e+00 1.003068721042654892e-08
1.457912516794469315e+00 9.825799326359349654e-09
1.468767111061796360e+00 9.857191100637847134e-09
1.479621705329123404e+00 9.857094760361901066e-09
1.490476299596450227e+00 9.746160311237901960e-09
1.501330893863777272e+00 9.797423860792412655e-09
1.512185488131104094e+00 9.817501013778686990e-09
1.523040082398430917e+00 1.001622877178684656e-08
1.533894676665758183e+00 9.759019053090204680e-09
1.544749270933085006e+00 9.847578361025642913e-09
1.555603865200412050e+00 9.897816894855088681e-09
1.566458459467738873e+00 9.782465279381971276e-09
1.577313053735065695e+00 9.936308961234731164e-09
1.588167648002392740e+00 9.732388744898980388e-09
1.599022242269719785e+00 9.995327349150174946e-09
1.609876836537046607e+00 9.828317310628616364e-09
1.620731430804373430e+00 9.963126589390570148e-09
1.631586025071700474e+00 9.827193431151466053e-09
1.642440619339027519e+00 9.888678967276703855e-09
1.653295213606354563e+00 9.864577553492394093e-09
1.664149807873681608e+00 9.750602847794161487e-09
1.675004402141008208e+00 9.939236289672586935e-09
1.685858996408335253e+00 9.964296622467879140e-09
1.696713590675662298e+00 9.974530164494947193e-09
1.707568184942989342e+00 9.724229727089215809e-09
1.718422779210316165e+00 9.802113654954942255e-09
1.729277373477642987e+00 9.689789824896647754e-09
1.740131967744970032e+00 9.869954924878046426e-09
1.750986562012296854e+00 9.732469261234183675e-09
1.761841156279623899e+00 9.655825711161738214e-09
1.772695750546950944e+00 9.795806199449048015e-09
1.783550344814277988e+00 9.765973325850094922e-09
1.794404939081604811e+00 9.843612348271784794e-09
1.805259533348931633e+00 9.738231798216481492e-09
1.816114127616258678e+00 9.853455966915363308e-09
1.826968721883585722e+00 9.809827071102477697e-09
1.837823316150912323e+00 9.671118525844008301e-09
1.848677910418239367e+00 9.849040453847584170e-09
1.859532504685566412e+00 9.628772966976873887e-09
1.870387098952893457e+00 9.735928057276245974e-09
1.881241693220220501e+00 9.664378774427110527e-09
1.892096287487547324e+00 9.746010898701090083e-09
1.902950881754874146e+00 9.858748823547779111e-09
1.913805476022201191e+00 9.712246832926417749e-09
1.924660070289528235e+00 9.840131746164658550e-09
1.935514664556855280e+00 9.764077507372674535e-09
1.946369258824182324e+00 9.571640060856851275e-09
1.957223853091508703e+00 9.818488909742999098e-09
1.968078447358835970e+00 9.702499075126091753e-09
1.978933041626162792e+00 9.767398204207333670e-09
1.989787635893490059e+00 9.700609157894751356e-09
2.000642230160816659e+00 9.559825376037520478e-09
2.011496824428144148e+00 9.604550435024024491e-09
2.022351418695470748e+00 9.789464487264907626e-09
2.033206012962797793e+00 9.525294948062906602e-09
2.044060607230124393e+00 9.639489765365056167e-09
2.054915201497451438e+00 9.759960912362889389e-09
2.065769795764778483e+00 9.784055233582084830e-09
2.076624390032105083e+00 9.666494791556572988e-09
2.087478984299432128e+00 9.688916294972422434e-09
2.098333578566759172e+00 9.652008183207050999e-09
2.109188172834085773e+00 9.643265935771398573e-09
2.120042767101413261e+00 9.615365824644487669e-09
2.130897361368740306e+00 9.766852565188292557e-09
2.141751955636066906e+00 9.748603444174385617e-09
2.152606549903393951e+00 9.566950652893314553e-09
2.163461144170720996e+00 9.630778305334890592e-09
2.174315738438048040e+00 9.592344788114900075e-09
2.185170332705375085e+00 9.584686364446998489e-09
2.196024926972701685e+00 9.532645294690646432e-09
2.206879521240029174e+00 9.607463686172789501e-09
2.217734115507355774e+00 9.658545257462777623e-09
2.228588709774682819e+00 9.623821849899164341e-09
2.239443304042009864e+00 9.584437863708885570e-09
2.250297898309336020e+00 9.579866877834685676e-09
2.261152492576663509e+00 9.692661709622637593e-09
2.272007086843990109e+00 9.851880954237846863e-09
2.282861681111317154e+00 9.566165032869072904e-09
2.293716275378644198e+00 9.539642681344615481e-09
2.304570869645971687e+00 9.579472158957302353e-09
2.315425463913298731e+00 9.388561255573700626e-09
2.326280058180624888e+00 9.419227927004917175e-09
2.337134652447952377e+00 9.687060112727532240e-09
2.347989246715279421e+00 9.541544755726169350e-09
2.358843840982605577e+00 9.563764697008574020e-09
2.369698435249933066e+00 9.628446455709208326e-09
2.380553029517259667e+00 9.488988454638688511e-09
2.391407623784587155e+00 9.434507345751746689e-09
2.402262218051913756e+00 9.489272418341953143e-09
2.413116812319241244e+00 9.518063194558658585e-09
2.423971406586567845e+00 9.531668175684621271e-09
2.434826000853894445e+00 9.441889611271651715e-09
2.445680595121221934e+00 9.477740696412988147e-09
2.456535189388548535e+00 9.470627336035457885e-09
2.467389783655875579e+00 9.420788428069919965e-09
2.478244377923202624e+00 9.529758607002647143e-09
2.489098972190529224e+00 9.520068481031534795e-09
2.499953566457856713e+00 9.577070294338671237e-09
2.510808160725183313e+00 9.391325948353172762e-09
2.521662754992510802e+00 9.523591022665351074e-09
2.532517349259836958e+00 9.470482276717424706e-09
2.543371943527164003e+00 9.361715231601502171e-09
2.554226537794491048e+00 9.455614624787673086e-09
2.565081132061817648e+00 9.671303785272840249e-09
2.575935726329145137e+00 9.488647690646345854e-09
2.586790320596472181e+00 9.517124116348409181e-09
2.597644914863798338e+00 9.515515301426254578e-09
2.608499509131125826e+00 9.441555840421087347e-09
2.619354103398452871e+00 9.462382773360087767e-09
2.630208697665779916e+00 9.430359894444709251e-09
2.641063291933106516e+00 9.430568508242464347e-09
2.651917886200433561e+00 9.475640340836017001e-09
2.662772480467760605e+00 9.307296400523192147e-09
2.673627074735087206e+00 9.396536115732251362e-09
2.684481669002414694e+00 9.425678692341959887e-09
2.695336263269741739e+00 9.277154938972952745e-09
2.706190857537068339e+00 9.493557353029592860e-09
2.717045451804395384e+00 9.343582245813742320e-09
2.727900046071722429e+00 9.313876601434597792e-09
2.738754640339049473e+00 9.435453844360970498e-09
2.749609234606376074e+00 9.371432702489974740e-09
2.760463828873703118e+00 9.313332674065721170e-09
2.771318423141030163e+00 9.241309262536433358e-09
2.782173017408356763e+00 9.554029419700393364e-09
2.793027611675684252e+00 9.306796102734682013e-09
2.803882205943011297e+00 9.139764044736819678e-09
2.814736800210337453e+00 9.382278966391193951e-09
2.825591394477664942e+00 9.215190954611934538e-09
2.836445988744991542e+00 9.274741443065240152e-09
2.847300583012318587e+00 9.206199641789846753e-09
2.858155177279645631e+00 9.363040506407556625e-09
2.869009771546972232e+00 9.400836972993466467e-09
2.879864365814299276e+00 9.356660705124552686e-09
2.890718960081626321e+00 9.319755294745139772e-09
2.901573554348953810e+00 9.274248167575031750e-09
2.912428148616280410e+00 9.243155562848364416e-09
2.923282742883607010e+00 9.441109502416427966e-09
2.934137337150934499e+00 9.328933141320171873e-09
2.944991931418261100e+00 9.319017279133476841e-09
2.955846525685588144e+00 9.293839171585320654e-09
2.966701119952915189e+00 9.357411736670229678e-09
2.977555714220242233e+00 9.112346514155242789e-09
2.988410308487569278e+00 9.129002132599016775e-09
2.999264902754895878e+00 9.226829751021381110e-09
3.010119497022223367e+00 9.188142182348415667e-09
3.020974091289549968e+00 9.149994760641111158e-09
3.031828685556876568e+00 9.096563844703267498e-09
3.042683279824204057e+00 9.311132382891746634e-09
3.053537874091530213e+00 9.111173516506131416e-09
3.064392468358857702e+00 9.077114044243095851e-09
3.075247062626184302e+00 9.169656318375853717e-09
3.086101656893510903e+00 9.156160980903577122e-09
3.096956251160838391e+00 9.227678029493541546e-09
3.107810845428165436e+00 9.372311071373172634e-09
3.118665439695492481e+00 9.132829434517593492e-09
3.129520033962819525e+00 8.946035164828133917e-09
3.140374628230146126e+00 9.064072001152101216e-09
3.151229222497473170e+00 9.063978426062440164e-09
3.162083816764800215e+00 9.211123280991187847e-09
3.172938411032127259e+00 9.154420380462750425e-09
3.183793005299454304e+00 9.183215342451867953e-09
3.194647599566780904e+00 9.102468272080017044e-09
3.205502193834107949e+00 9.101995987140712823e-09
3.216356788101434994e+00 8.961525032644970969e-09
3.227211382368762038e+00 9.058040839504399595e-09
3.238065976636088639e+00 8.983861408145828240e-09
3.248920570903415239e+00 9.030136402188962362e-09
3.259775165170743172e+00 9.063453748593559406e-09
3.270629759438069328e+00 8.939454821336565615e-09
3.281484353705396817e+00 9.136230808115769094e-09
3.292338947972723862e+00 9.036598201975430806e-09
3.303193542240050018e+00 9.015752307271221908e-09
3.314048136507377507e+00 9.189109643856436756e-09
3.324902730774704107e+00 9.020918340110790872e-09
3.335757325042031152e+00 8.968191769889273656e-09
3.346611919309358196e+00 9.038770537720089775e-09
3.357466513576684797e+00 8.978661695461270128e-09
3.368321107844011841e+00 8.956197408762909197e-09
3.379175702111338886e+00 8.912993804146652917e-09
3.390030296378666375e+00 9.063081780951158199e-09
3.400884890645992975e+00 8.868584045363049283e-09
3.411739484913319576e+00 9.044447438925367790e-09
3.422594079180647064e+00 9.027112023207969543e-09
3.433448673447973665e+00 8.938747871008153870e-09
3.444303267715301153e+00 8.885657401645436877e-09
3.455157861982627754e+00 9.123569917522914407e-09
3.466012456249954798e+00 8.993042721434010149e-09
3.476867050517281843e+00 8.898843571199697506e-09
3.487721644784608444e+00 9.037898252535713323e-09
3.498576239051935932e+00 8.911784243574021480e-09
3.509430833319262533e+00 9.014910080238866383e-09
3.520285427586589577e+00 8.772405988066823931e-09
3.531140021853916178e+00 8.924050847123485906e-09
3.541994616121242778e+00 8.884242144400906027e-09
3.552849210388570267e+00 8.828142637991107357e-09
3.563703804655897311e+00 8.760004014303985977e-09
3.574558398923223912e+00 8.820908795480879797e-09
3.585412993190550957e+00 8.819452307346055041e-09
3.596267587457878001e+00 8.833717190683305022e-09
3.607122181725205046e+00 8.859141625550557535e-09
3.617976775992531646e+00 8.789582967816831675e-09
3.628831370259858691e+00 8.791151904601658243e-09
3.639685964527185735e+00 8.792666332664655207e-09
3.650540558794512780e+00 8.784907987703100957e-09
3.661395153061839824e+00 8.823111951196309079e-09
3.672249747329166869e+00 8.891190366739735420e-09
3.683104341596493470e+00 8.826199257035843350e-09
3.693958935863820514e+00 8.779696782743061104e-09
3.704813530131147559e+00 8.922229268280016434e-09
3.715668124398475047e+00 8.628765390607324807e-09
3.726522718665801648e+00 8.774300095594362663e-09
3.737377312933128248e+00 8.826276930300159877e-09
3.748231907200455293e+00 8.668052342604167793e-09
3.759086501467781893e+00 8.633884208275431724e-09
3.769941095735108938e+00 8.611348244106056383e-09
3.780795690002436427e+00 8.764038978574219661e-09
3.791650284269762583e+00 8.768520059626022225e-09
3.802504878537090072e+00 8.755889820049447274e-09
3.813359472804416672e+00 8.567990265049439907e-09
3.824214067071744161e+00 8.714115536885730422e-09
3.835068661339070761e+00 8.653084473169368080e-09
3.845923255606397806e+00 8.705366256914139016e-09
3.856777849873724406e+00 8.830789241407889310e-09
3.867632444141051451e+00 8.692747344187782521e-09
3.878487038408378940e+00 8.566306875765315981e-09
3.889341632675705540e+00 8.593072098850734519e-09
3.900196226943032585e+00 8.622584532491975825e-09
3.911050821210359629e+00 8.681304890554195981e-09
3.921905415477686230e+00 8.552603928228469828e-09
3.932760009745013274e+00 8.607472841390798414e-09
3.943614604012340319e+00 8.461303806077874680e-09
3.954469198279666919e+00 8.637808588915115921e-09
3.965323792546994408e+00 8.689793614216902851e-09
3.976178386814321009e+00 8.533129036211125823e-09
3.987032981081648497e+00 8.494992518193475492e-09
3.997887575348975542e+00 8.525422527428719419e-09
4.008742169616302142e+00 8.427803527144912498e-09
4.019596763883629187e+00 8.488534751264313010e-09
4.030451358150956231e+00 8.539563944460184335e-09
4.041305952418282388e+00 8.505388662751556294e-09
4.052160546685609432e+00 8.588832071854464407e-09
4.063015140952936477e+00 8.509416961549501058e-09
4.073869735220263522e+00 8.535168854079209811e-09
4.084724329487590566e+00 8.481094877162056587e-09
4.095578923754917611e+00 8.560267760093048101e-09
4.106433518022244655e+00 8.544586650946084028e-09
4.117288112289571700e+00 8.496378664488474949e-09
4.128142706556898744e+00 8.399022183618700534e-09
4.138997300824224901e+00 8.451104574691753332e-09
4.149851895091551945e+00 8.431727918314503322e-09
4.160706489358879878e+00 8.461480086650717382e-09
4.171561083626206035e+00 8.497668388897430845e-09
4.182415677893533967e+00 8.431293010685473113e-09
4.193270272160860124e+00 8.350445640972241066e-09
4.204124866428186280e+00 8.428070890079499365e-09
4.214979460695515101e+00 8.533664790316444265e-09
4.225834054962841257e+00 8.475645391483502651e-09
4.236688649230168302e+00 8.344848460137050541e-09
4.247543243497494458e+00 8.419498086420275916e-09
4.258397837764821503e+00 8.485750763385926173e-09
4.269252432032148548e+00 8.378988472661887313e-09
4.280107026299476480e+00 8.307507781640775221e-09
4.290961620566802637e+00 8.348232307662057523e-09
4.301816214834128793e+00 8.322066949349816855e-09
4.312670809101455838e+00 8.387559130401898922e-09
4.323525403368783770e+00 8.208826833091436802e-09
4.334379997636109927e+00 8.319473326268573122e-09
4.345234591903437860e+00 8.290136812476984622e-09
4.356089186170764016e+00 8.391615507730191248e-09
4.366943780438091061e+00 8.253853997168491717e-09
4.377798374705418993e+00 8.190477415785192710e-09
4.388652968972745150e+00 8.365542463990673972e-09
4.399507563240072194e+00 8.313572579872495672e-09
4.410362157507398351e+00 8.153417418992489713e-09
4.421216751774725395e+00 8.269183709549482656e-09
4.432071346042053328e+00 8.341439372333575748e-09
4.442925940309380373e+00 8.263435326643094521e-09
4.453780534576706529e+00 8.256571560528549052e-09
4.464635128844034462e+00 8.209805777682924853e-09
4.475489723111360618e+00 8.280649988819490116e-09
4.486344317378687663e+00 8.274627660365095098e-09
4.497198911646013819e+00 8.138703094990773486e-09
4.508053505913341752e+00 8.296402062767855607e-09
4.518908100180667908e+00 8.127035975379202804e-09
4.529762694447995841e+00 8.181544416094872160e-09
4.540617288715322886e+00 8.211980379088326243e-09
4.551471882982649930e+00 8.135753562841832649e-09
4.562326477249976975e+00 8.214825396199292065e-09
4.573181071517303131e+00 8.150650645159784052e-09
4.584035665784629288e+00 8.142102220874171297e-09
4.594890260051958109e+00 8.080752343481116318e-09
4.605744854319284265e+00 8.101250563428028707e-09
4.616599448586612198e+00 8.084609457948427819e-09
4.627454042853938354e+00 8.127678193239355292e-09
4.638308637121264510e+00 8.090759199354721822e-09
4.649163231388592443e+00 8.067807429523425687e-09
4.660017825655918600e+00 8.093297356467382491e-09
4.670872419923245644e+00 8.055653099438238223e-09
4.681727014190571801e+00 8.018075538790550762e-09
4.692581608457899733e+00 8.058618053690741993e-09
4.703436202725226778e+00 8.045224837089462557e-09
4.714290796992553823e+00 8.011895328906002450e-09
4.725145391259880867e+00 7.938802107554584879e-09
4.735999985527207912e+00 8.115359199116561736e-09
4.746854579794534068e+00 7.901076678283200569e-09
4.757709174061862001e+00 7.940589217907733512e-09
4.768563768329188157e+00 8.060250991106707917e-09
4.779418362596516090e+00 8.057989434329757337e-09
4.790272956863842246e+00 7.884952563856409880e-09
4.801127551131169291e+00 7.789719527792666918e-09
4.811982145398496336e+00 7.959816449242845218e-09
4.822836739665823380e+00 7.826567445682249351e-09
4.833691333933149537e+00 7.839858118002163766e-09
4.844545928200476581e+00 7.973093900536191523e-09
4.855400522467803626e+00 7.915158541484968184e-09
4.866255116735130670e+00 7.924306324302374870e-09
4.877109711002458603e+00 7.848781799355922036e-09
4.887964305269784759e+00 7.899150016976800083e-09
4.898818899537111804e+00 7.931576391362513988e-09
4.909673493804437960e+00 7.777180764085717492e-09
4.920528088071765893e+00 7.791477443002646839e-09
4.931382682339092050e+00 7.724657228901718330e-09
4.942237276606419982e+00 7.748726220562531305e-09
4.953091870873746139e+00 7.762603700159767449e-09
4.963946465141073183e+00 7.700808896658512166e-09
4.974801059408400228e+00 7.912953949173033292e-09
4.985655653675727272e+00 7.691006331914472186e-09
4.996510247943053429e+00 7.814695004207592707e-09
4.996510247943053429e+00 1