0.0006166318675902328 1
0.0006166318675902328 4.8457022268949606e-9
0.0006370262230293452 4.412213180950112e-9
0.0006493518827543725 3.6810817580509688e-9
0.0006593873327008276 3.0970139536279694e-9
0.0006786069335483585 2.5566051709087085e-9
0.0007077943154090249 2.2326396705198332e-9
0.0007382402302046554 1.9055792534149226e-9
0.0007699854162310116 1.7478176612301822e-9
0.0008030995152801102 1.5627225595821526e-9
0.0008376372112688842 1.401808155048768e-9
0.0008736550858324324 1.2975865282764885e-9
0.0009112142345807095 1.2549450202827999e-9
0.0009503840109733805 1.2418229071995206e-9
0.0009912411925823413 1.2049498739810552e-9
0.0010338550849224813 1.1676425629987906e-9
0.0010783055860293155 1.1058704640035327e-9
0.0011246639287828721 1.0639448653173526e-9
0.0011730197524229102 1.0030536098741607e-9
0.0012234555717097265 9.419417285852544e-10
0.0012760724516957369 8.394384401562842e-10
0.0013309559605193663 7.369148946407173e-10
0.0013881957458805334 6.575829248402105e-10
0.0014478986328807844 5.837275793685332e-10
0.0015101557023149063 5.435201566743341e-10
0.0015750879802419527 5.090715099369315e-10
0.0016428091403497141 4.815093858133109e-10
0.0017134438698916126 4.5276518578510755e-10
0.0017871075395910307 4.361704772298665e-10
0.0018639424615526402 4.14992193258579e-10
0.0019440820146621612 3.935524725008745e-10
0.0020276765697627317 3.6405433144964163e-10
0.0021148679784165425 3.347896812932377e-10
0.002205803814985669 3.1152529597516435e-10
0.0023006446744324506 2.933120887810805e-10
0.0023995612608725147 2.774316004014733e-10
0.002502731700690511 2.6189627795979456e-10
0.0026103357733394585 2.483659437555521e-10
0.002722567245000467 2.350727010559602e-10
0.0028396220272735528 2.2336621298989858e-10
0.002961703332092454 2.146169251078671e-10
0.0030890312779126372 2.0688614042089536e-10
0.0032218505873092135 1.937735677247287e-10
0.003360389375010282 1.7901512082362983e-10
0.003504889586188103 1.6430206128514773e-10
0.003655583322971217 1.5530476759503833e-10
0.003812748714347455 1.483452275898023e-10
0.003976676996226399 1.4058924835337237e-10
0.0041476771959189605 1.2920335229085826e-10
0.004326013065439763 1.213315298382999e-10
0.004512002959550783 1.1581859075169384e-10
0.004705995521979183 1.0976321168991091e-10
0.004908332956383221 1.0354902566312478e-10
0.00511937190412272 9.749507151071993e-11
0.00533948207990885 9.20356452225763e-11
0.005569036246736803 8.854640335200849e-11
0.005808476430820372 8.38620098853243e-11
0.006058201684191858 8.01039732084447e-11
0.006318661116761836 7.666469538185217e-11
0.006590302314773141 7.433965474657686e-11
0.006873630705547416 7.156811724101506e-11
0.007169132850220319 6.926154138170676e-11
0.00742977472887239 6.87473658458604e-11
0.007695013158101028 6.687407193601208e-11
0.008259437847937822 6.586621575814472e-11
0.00889920799111754 6.638492243116721e-11
0.009406786925691673 6.928832212283118e-11
0.009811071136807143 7.15898494577498e-11
0.010232699337265038 7.518783242336325e-11
0.010672416857247836 8.01641172692889e-11
0.011130976702396118 8.767904561813058e-11
0.01160920672882143 9.735268800720258e-11
0.012084770844237532 1.1159400827786725e-10
0.01257977520241137 1.3016469927461197e-10
0.013070005659432886 1.5324899841915363e-10
0.013501617110149914 1.8145109761332347e-10
0.013894220556365976 2.148317085171906e-10
0.014243623752089284 2.5586250564106474e-10
0.01454608655409818 3.0105572273868867e-10
0.014826553710628744 3.578198642541746e-10
0.01508349228943519 4.334778576393491e-10
0.015286338795370995 5.155222816354173e-10
0.015462345333505597 6.046960653292092e-10
0.01558057205367381 7.291414070076451e-10
0.015723614686265232 9.199833875898642e-10
0.015819612995784185 1.1082518117394123e-9
0.015879784638134622 1.2984057066272449e-9
0.015909756325277413 1.5030487914703866e-9
0.01593974881675801 1.7609452903710084e-9
0.01593974881675801 1