5.027082212696980523e-01 1
5.027082212696980523e-01 1.412477445320946218e-05
5.135628155370249859e-01 1.315798790552614184e-05
5.244174098043520305e-01 1.259895571553949431e-05
5.352720040716788530e-01 1.247772334817894627e-05
5.461265983390058976e-01 1.188347689989277016e-05
5.569811926063328311e-01 1.187446043339304565e-05
5.678357868736596537e-01 1.147265922895685012e-05
5.786903811409868092e-01 1.146439167264310230e-05
5.895449754083135208e-01 1.080801030308565399e-05
6.003995696756405653e-01 1.082228620191483279e-05
6.112541639429676099e-01 1.038220053436302553e-05
6.221087582102944324e-01 1.034429784240266740e-05
6.329633524776213660e-01 1.022054043285143153e-05
6.438179467449484106e-01 9.823443259901094984e-06
6.546725410122753441e-01 9.686079602327591490e-06
6.655271352796023887e-01 9.212524348279596377e-06
6.763817295469291002e-01 9.263363338228513288e-06
6.872363238142561448e-01 9.182410273590658789e-06
6.980909180815831894e-01 8.774898698132916179e-06
7.089455123489100119e-01 8.763494540431982703e-06
7.198001066162370565e-01 8.448852243037433977e-06
7.306547008835638790e-01 8.525194772719878281e-06
7.415092951508909236e-01 8.294603873457141280e-06
7.523638894182179682e-01 8.423722137433608517e-06
7.632184836855446797e-01 7.950841275675009956e-06
7.740730779528717242e-01 8.105014341163372900e-06
7.849276722201985468e-01 7.632217412521666856e-06
7.957822664875255914e-01 7.705176612379819538e-06
8.066368607548525249e-01 7.438022722207155277e-06
8.174914550221794585e-01 7.505989205654013960e-06
8.283460492895065030e-01 7.382898247808755702e-06
8.392006435568333256e-01 7.219831966467048054e-06
8.500552378241603702e-01 7.079474736134582932e-06
8.609098320914873037e-01 7.048766118114548799e-06
8.717644263588142373e-01 6.868306153598305678e-06
8.826190206261411708e-01 6.719714763586256586e-06
8.934736148934681044e-01 6.719631563434314705e-06
9.043282091607950379e-01 6.655189674043799922e-06
9.151828034281220825e-01 6.462040193832879588e-06
9.260373976954490161e-01 6.335835811328349741e-06
9.368919919627758386e-01 6.292933096605744724e-06
9.477465862301027721e-01 6.262922299972669423e-06
9.586011804974298167e-01 6.170180297142297953e-06
9.694557747647568613e-01 6.086362245977758107e-06
9.803103690320837948e-01 6.005891811088260416e-06
9.911649632994107284e-01 5.997242280961500979e-06
1.002019557566737662e+00 5.802825093825255753e-06
1.012874151834064707e+00 5.790225745143471882e-06
1.023728746101391529e+00 5.844455382878107881e-06
1.034583340368718352e+00 5.668815567663335299e-06
1.045437934636045396e+00 5.561930492143356223e-06
1.056292528903372441e+00 5.574286641170182756e-06
1.067147123170699485e+00 5.538470067614376231e-06
1.078001717438026308e+00 5.491369776988837385e-06
1.088856311705353352e+00 5.326553929262321888e-06
1.099710905972679953e+00 5.248007125943652190e-06
1.110565500240006998e+00 5.155848897937945487e-06
1.121420094507334042e+00 5.145035355640325043e-06
1.132274688774660865e+00 5.120846487766758709e-06
1.143129283041987909e+00 5.064137046079242745e-06
1.153983877309314954e+00 5.070485906611773254e-06
1.164838471576641998e+00 4.887842364462697642e-06
1.175693065843968821e+00 4.864778680892112199e-06
1.186547660111295643e+00 4.899316883114523284e-06
1.197402254378622688e+00 4.777191621553290148e-06
1.208256848645949511e+00 4.777977084004554625e-06
1.219111442913276777e+00 4.671441184229743466e-06
1.229966037180603600e+00 4.705843546957215101e-06
1.240820631447930422e+00 4.709816298091472605e-06
1.251675225715257245e+00 4.703363377764611737e-06
1.262529819982584289e+00 4.494446331760534942e-06
1.273384414249911334e+00 4.507955146079892574e-06
1.284239008517238378e+00 4.547454283716157408e-06
1.295093602784565201e+00 4.455042876640514256e-06
1.305948197051892246e+00 4.438103422071555479e-06
1.316802791319219068e+00 4.345527834642949788e-06
1.327657385586545891e+00 4.349444215533550506e-06
1.338511979853873157e+00 4.319448368474929473e-06
1.349366574121199758e+00 4.344278897254454689e-06
1.360221168388526802e+00 4.267254780543588126e-06
1.371075762655853847e+00 4.156943022297067540e-06
1.381930356923180669e+00 4.078526527265150305e-06
1.392784951190507936e+00 4.166104604130742912e-06
1.403639545457834537e+00 4.066963739938904735e-06
1.414494139725161581e+00 3.971408822802290787e-06
1.425348733992488626e+00 4.042885024209005977e-06
1.436203328259815670e+00 3.955150662647198197e-06
1.447057922527142715e+00 3.990626685056218092e-06
1.457912516794469315e+00 3.854773400035790522e-06
1.468767111061796360e+00 3.809256100292373002e-06
1.479621705329123404e+00 3.742967972905797830e-06
1.490476299596450227e+00 3.772822632166149797e-06
1.501330893863777272e+00 3.774505009882910605e-06
1.512185488131104094e+00 3.769372132137460730e-06
1.523040082398430917e+00 3.769447290825317230e-06
1.533894676665758183e+00 3.695808745693271167e-06
1.544749270933085006e+00 3.638195702000869936e-06
1.555603865200412050e+00 3.670453966982386200e-06
1.566458459467738873e+00 3.562607831527807958e-06
1.577313053735065695e+00 3.659226457730284904e-06
1.588167648002392740e+00 3.524631742908055156e-06
1.599022242269719785e+00 3.576333024571500654e-06
1.609876836537046607e+00 3.480300294284478090e-06
1.620731430804373430e+00 3.522505242748265842e-06
1.631586025071700474e+00 3.412720299795528264e-06
1.642440619339027519e+00 3.430797200070407758e-06
1.653295213606354563e+00 3.403557736272281611e-06
1.664149807873681608e+00 3.340590845976924575e-06
1.675004402141008208e+00 3.350792136433446263e-06
1.685858996408335253e+00 3.333767788877335336e-06
1.696713590675662298e+00 3.326036830055572970e-06
1.707568184942989342e+00 3.277807292726170204e-06
1.718422779210316165e+00 3.260598542321106133e-06
1.729277373477642987e+00 3.235424716985318121e-06
1.740131967744970032e+00 3.224200443826752435e-06
1.750986562012296854e+00 3.194748574113871621e-06
1.761841156279623899e+00 3.126785398265139144e-06
1.772695750546950944e+00 3.202200108201785683e-06
1.783550344814277988e+00 3.124068267629376882e-06
1.794404939081604811e+00 3.160331286286420204e-06
1.805259533348931633e+00 3.099931876669191360e-06
1.816114127616258678e+00 3.143286397407956621e-06
1.826968721883585722e+00 3.034801811529419357e-06
1.837823316150912323e+00 3.031994084180177115e-06
1.848677910418239367e+00 3.056474135889760005e-06
1.859532504685566412e+00 2.964864556304810680e-06
1.870387098952893457e+00 2.974571902500667838e-06
1.881241693220220501e+00 2.965065898998958851e-06
1.892096287487547324e+00 2.943742233883417745e-06
1.902950881754874146e+00 2.969695974217329732e-06
1.913805476022201191e+00 2.908131494716047615e-06
1.924660070289528235e+00 2.927698526447234552e-06
1.935514664556855280e+00 2.920739598980691899e-06
1.946369258824182324e+00 2.830099119369189154e-06
1.957223853091508703e+00 2.876204391083739404e-06
1.968078447358835970e+00 2.837376427689225914e-06
1.978933041626162792e+00 2.817569257142622245e-06
1.989787635893490059e+00 2.785380992737005614e-06
2.000642230160816659e+00 2.742068735025497974e-06
2.011496824428144148e+00 2.700878497986420771e-06
2.022351418695470748e+00 2.728144768505229273e-06
2.033206012962797793e+00 2.666707523669553388e-06
2.044060607230124393e+00 2.666282972543170734e-06
2.054915201497451438e+00 2.706861005895185685e-06
2.065769795764778483e+00 2.692031612043219985e-06
2.076624390032105083e+00 2.660017818051286142e-06
2.087478984299432128e+00 2.677884868991367333e-06
2.098333578566759172e+00 2.648955573977111856e-06
2.109188172834085773e+00 2.577159666660803525e-06
2.120042767101413261e+00 2.596220740521560618e-06
2.130897361368740306e+00 2.596135284730556280e-06
2.141751955636066906e+00 2.548157603185007727e-06
2.152606549903393951e+00 2.535267999989761980e-06
2.163461144170720996e+00 2.551658120618530751e-06
2.174315738438048040e+00 2.510213332734366758e-06
2.185170332705375085e+00 2.501300578168176132e-06
2.196024926972701685e+00 2.482836884968766129e-06
2.206879521240029174e+00 2.489404278807240925e-06
2.217734115507355774e+00 2.471957959553086543e-06
2.228588709774682819e+00 2.459105606218404584e-06
2.239443304042009864e+00 2.475460868215738641e-06
2.250297898309336020e+00 2.424046379826786952e-06
2.261152492576663509e+00 2.453807868979438460e-06
2.272007086843990109e+00 2.428217534576046536e-06
2.282861681111317154e+00 2.387011263857803885e-06
2.293716275378644198e+00 2.365395004876591354e-06
2.304570869645971687e+00 2.356091019742522542e-06
2.315425463913298731e+00 2.292481217482922301e-06
2.326280058180624888e+00 2.319314893030784667e-06
2.337134652447952377e+00 2.342837922913342034e-06
2.347989246715279421e+00 2.310785208165526003e-06
2.358843840982605577e+00 2.296272914582923141e-06
2.369698435249933066e+00 2.359971487212636474e-06
2.380553029517259667e+00 2.294385171910513936e-06
2.391407623784587155e+00 2.226852361771030904e-06
2.402262218051913756e+00 2.250155602139001238e-06
2.413116812319241244e+00 2.254911488719293984e-06
2.423971406586567845e+00 2.210225565841068054e-06
2.434826000853894445e+00 2.178238487595133944e-06
2.445680595121221934e+00 2.204516701010424164e-06
2.456535189388548535e+00 2.217463389105413267e-06
2.467389783655875579e+00 2.195864633348431604e-06
2.478244377923202624e+00 2.197248801582123184e-06
2.489098972190529224e+00 2.153638204120469370e-06
2.499953566457856713e+00 2.177764675349638265e-06
2.510808160725183313e+00 2.153650685450446577e-06
2.521662754992510802e+00 2.153648557108877481e-06
2.532517349259836958e+00 2.128645764855822852e-06
2.543371943527164003e+00 2.080973484206682833e-06
2.554226537794491048e+00 2.092336143468734684e-06
2.565081132061817648e+00 2.124353269300380475e-06
2.575935726329145137e+00 2.104773155111081889e-06
2.586790320596472181e+00 2.096412803598319000e-06
2.597644914863798338e+00 2.066801258568932088e-06
2.608499509131125826e+00 2.089723945806497356e-06
2.619354103398452871e+00 2.042981698708806129e-06
2.630208697665779916e+00 2.043543847658512555e-06
2.641063291933106516e+00 2.046895449068051210e-06
2.651917886200433561e+00 2.019669537481876879e-06
2.662772480467760605e+00 2.005541971470126580e-06
2.673627074735087206e+00 1.987582879420834849e-06
2.684481669002414694e+00 2.003181646356987816e-06
2.695336263269741739e+00 1.960751119306326250e-06
2.706190857537068339e+00 1.979502748425337674e-06
2.717045451804395384e+00 1.948929858932168847e-06
2.727900046071722429e+00 1.986526592425841434e-06
2.738754640339049473e+00 1.942651250052279326e-06
2.749609234606376074e+00 1.968538637454708623e-06
2.760463828873703118e+00 1.927787405164095206e-06
2.771318423141030163e+00 1.911677145531841237e-06
2.782173017408356763e+00 1.942762376662382892e-06
2.793027611675684252e+00 1.907473036466956527e-06
2.803882205943011297e+00 1.873419635595568455e-06
2.814736800210337453e+00 1.888191410142089302e-06
2.825591394477664942e+00 1.863181002792029930e-06
2.836445988744991542e+00 1.871563580278201435e-06
2.847300583012318587e+00 1.822992010947127022e-06
2.858155177279645631e+00 1.860219846202709583e-06
2.869009771546972232e+00 1.861294501175674139e-06
2.879864365814299276e+00 1.835740741811933318e-06
2.890718960081626321e+00 1.852217681641481242e-06
2.901573554348953810e+00 1.827586687265311016e-06
2.912428148616280410e+00 1.814124255048176823e-06
2.923282742883607010e+00 1.824311205565667593e-06
2.934137337150934499e+00 1.791302148258179946e-06
2.944991931418261100e+00 1.787910676365792069e-06
2.955846525685588144e+00 1.791834011750720182e-06
2.966701119952915189e+00 1.786316780048910690e-06
2.977555714220242233e+00 1.737215498653584772e-06
2.988410308487569278e+00 1.730368636298785291e-06
2.999264902754895878e+00 1.757681521248962583e-06
3.010119497022223367e+00 1.737541458113908277e-06
3.020974091289549968e+00 1.714801879754184600e-06
3.031828685556876568e+00 1.711805894455074441e-06
3.042683279824204057e+00 1.729466775549264644e-06
3.053537874091530213e+00 1.703034166497489444e-06
3.064392468358857702e+00 1.675575683966012578e-06
3.075247062626184302e+00 1.704797859606540741e-06
3.086101656893510903e+00 1.706028192654606375e-06
3.096956251160838391e+00 1.702530253153071722e-06
3.107810845428165436e+00 1.701749897459278415e-06
3.118665439695492481e+00 1.669179366868761617e-06
3.129520033962819525e+00 1.635040127019591441e-06
3.140374628230146126e+00 1.651401701113341592e-06
3.151229222497473170e+00 1.652662645314336246e-06
3.162083816764800215e+00 1.653081659165420412e-06
3.172938411032127259e+00 1.643161778767447897e-06
3.183793005299454304e+00 1.647866180265352193e-06
3.194647599566780904e+00 1.611870616084097353e-06
3.205502193834107949e+00 1.611725727751315899e-06
3.216356788101434994e+00 1.590366324195822661e-06
3.227211382368762038e+00 1.581140819972354796e-06
3.238065976636088639e+00 1.585452996901990842e-06
3.248920570903415239e+00 1.589463179059233792e-06
3.259775165170743172e+00 1.569075546881278233e-06
3.270629759438069328e+00 1.537982779367657014e-06
3.281484353705396817e+00 1.560884132850174161e-06
3.292338947972723862e+00 1.555686341636363245e-06
3.303193542240050018e+00 1.554955191241009588e-06
3.314048136507377507e+00 1.567323982061853284e-06
3.324902730774704107e+00 1.528690305950695546e-06
3.335757325042031152e+00 1.522102809326919489e-06
3.346611919309358196e+00 1.541061799395539794e-06
3.357466513576684797e+00 1.506296408098221492e-06
3.368321107844011841e+00 1.510370242990197419e-06
3.379175702111338886e+00 1.501303046103858060e-06
3.390030296378666375e+00 1.515346840672525312e-06
3.400884890645992975e+00 1.495938884033069399e-06
3.411739484913319576e+00 1.501375214551477970e-06
3.422594079180647064e+00 1.511709702970237601e-06
3.433448673447973665e+00 1.487320076633384468e-06
3.444303267715301153e+00 1.466571772834632125e-06
3.455157861982627754e+00 1.491793250832401859e-06
3.466012456249954798e+00 1.467233053741306983e-06
3.476867050517281843e+00 1.444035977010600005e-06
3.487721644784608444e+00 1.484879805609571363e-06
3.498576239051935932e+00 1.449875240462380729e-06
3.509430833319262533e+00 1.470024059082774638e-06
3.520285427586589577e+00 1.424017560223523953e-06
3.531140021853916178e+00 1.441237111292954930e-06
3.541994616121242778e+00 1.422864075501593412e-06
3.552849210388570267e+00 1.422144830106349750e-06
3.563703804655897311e+00 1.410203457627799018e-06
3.574558398923223912e+00 1.398905888160038865e-06
3.585412993190550957e+00 1.401174303082914240e-06
3.596267587457878001e+00 1.412489146095449433e-06
3.607122181725205046e+00 1.381464915750948837e-06
3.617976775992531646e+00 1.377116295492511376e-06
3.628831370259858691e+00 1.379253058970167656e-06
3.639685964527185735e+00 1.364182750507344042e-06
3.650540558794512780e+00 1.384920078102209621e-06
3.661395153061839824e+00 1.378606259603566631e-06
3.672249747329166869e+00 1.373069459892620362e-06
3.683104341596493470e+00 1.361913499837834577e-06
3.693958935863820514e+00 1.353797417508867232e-06
3.704813530131147559e+00 1.354241067089096949e-06
3.715668124398475047e+00 1.320732373911864558e-06
3.726522718665801648e+00 1.330304737156190677e-06
3.737377312933128248e+00 1.323121471987569207e-06
3.748231907200455293e+00 1.319545403954615112e-06
3.759086501467781893e+00 1.306199128555386477e-06
3.769941095735108938e+00 1.305922593047902644e-06
3.780795690002436427e+00 1.320196779137991982e-06
3.791650284269762583e+00 1.310604017798513269e-06
3.802504878537090072e+00 1.336811380185410477e-06
3.813359472804416672e+00 1.298865349673150371e-06
3.824214067071744161e+00 1.287287212353166926e-06
3.835068661339070761e+00 1.288083121173246477e-06
3.845923255606397806e+00 1.289467562787540492e-06
3.856777849873724406e+00 1.286401993236206792e-06
3.867632444141051451e+00 1.266740013055074790e-06
3.878487038408378940e+00 1.258946697216106497e-06
3.889341632675705540e+00 1.253068806601334146e-06
3.900196226943032585e+00 1.247847805815883971e-06
3.911050821210359629e+00 1.262707293670215332e-06
3.921905415477686230e+00 1.256730442122981421e-06
3.932760009745013274e+00 1.235831082464446988e-06
3.943614604012340319e+00 1.212591535890790819e-06
3.954469198279666919e+00 1.242509089262802776e-06
3.965323792546994408e+00 1.251314728027421684e-06
3.976178386814321009e+00 1.228503847157824527e-06
3.987032981081648497e+00 1.192629239062793198e-06
3.997887575348975542e+00 1.214182648300652552e-06
4.008742169616302142e+00 1.185851732338229551e-06
4.019596763883629187e+00 1.202218318093121811e-06
4.030451358150956231e+00 1.207525135986152069e-06
4.041305952418282388e+00 1.193841444334490027e-06
4.052160546685609432e+00 1.193015810144975002e-06
4.063015140952936477e+00 1.224436641062674842e-06
4.073869735220263522e+00 1.186316266898732985e-06
4.084724329487590566e+00 1.187025958273556024e-06
4.095578923754917611e+00 1.199678113573165639e-06
4.106433518022244655e+00 1.178184755970065829e-06
4.117288112289571700e+00 1.160957567991608028e-06
4.128142706556898744e+00 1.167615921510199174e-06
4.138997300824224901e+00 1.164282255827026368e-06
4.149851895091551945e+00 1.155718666766942971e-06
4.160706489358879878e+00 1.163675450337498439e-06
4.171561083626206035e+00 1.146237556360135328e-06
4.182415677893533967e+00 1.150878718344784498e-06
4.193270272160860124e+00 1.123263905910273213e-06
4.204124866428186280e+00 1.146325700792740452e-06
4.214979460695515101e+00 1.151303638415837439e-06
4.225834054962841257e+00 1.121716818896885932e-06
4.236688649230168302e+00 1.124073981371856061e-06
4.247543243497494458e+00 1.134590951232984465e-06
4.258397837764821503e+00 1.138062230402082891e-06
4.269252432032148548e+00 1.120392933073906789e-06
4.280107026299476480e+00 1.098103927663705448e-06
4.290961620566802637e+00 1.096007424207283366e-06
4.301816214834128793e+00 1.089754997031578072e-06
4.312670809101455838e+00 1.118896324353515765e-06
4.323525403368783770e+00 1.072348237020230589e-06
4.334379997636109927e+00 1.093783246735118944e-06
4.345234591903437860e+00 1.093338448120389114e-06
4.356089186170764016e+00 1.097348591771502212e-06
4.366943780438091061e+00 1.070056333916430383e-06
4.377798374705418993e+00 1.058818336145263345e-06
4.388652968972745150e+00 1.094001687112303977e-06
4.399507563240072194e+00 1.070742766437510615e-06
4.410362157507398351e+00 1.052735666060838026e-06
4.421216751774725395e+00 1.078280592154101361e-06
4.432071346042053328e+00 1.057950523736839319e-06
4.442925940309380373e+00 1.062554063222824421e-06
4.453780534576706529e+00 1.049037831443630061e-06
4.464635128844034462e+00 1.058143401223003314e-06
4.475489723111360618e+00 1.048669050844840377e-06
4.486344317378687663e+00 1.041085817686360095e-06
4.497198911646013819e+00 1.022887300303141097e-06
4.508053505913341752e+00 1.033378984666180746e-06
4.518908100180667908e+00 1.015155110844913713e-06
4.529762694447995841e+00 1.032035719470947040e-06
4.540617288715322886e+00 1.020971732030339449e-06
4.551471882982649930e+00 1.020863114596620220e-06
4.562326477249976975e+00 1.023642969652438930e-06
4.573181071517303131e+00 1.007217058746022903e-06
4.584035665784629288e+00 1.009885396439085813e-06
4.594890260051958109e+00 1.003248643842217712e-06
4.605744854319284265e+00 1.001501753371091667e-06
4.616599448586612198e+00 9.906975052715245103e-07
4.627454042853938354e+00 9.975969509707380196e-07
4.638308637121264510e+00 1.004810421146814845e-06
4.649163231388592443e+00 9.867660722861054747e-07
4.660017825655918600e+00 9.809447684894780848e-07
4.670872419923245644e+00 9.722544857156851936e-07
4.681727014190571801e+00 9.675499794562583022e-07
4.692581608457899733e+00 9.794507164444225725e-07
4.703436202725226778e+00 9.690692662494862149e-07
4.714290796992553823e+00 9.609413767252994261e-07
4.725145391259880867e+00 9.460239558298939736e-07
4.735999985527207912e+00 9.734574880800255847e-07
4.746854579794534068e+00 9.563872907762732105e-07
4.757709174061862001e+00 9.588502320562405866e-07
4.768563768329188157e+00 9.667803912554796631e-07
4.779418362596516090e+00 9.410229131904858221e-07
4.790272956863842246e+00 9.401825610894289622e-07
4.801127551131169291e+00 9.252590080302532802e-07
4.811982145398496336e+00 9.389691341778493689e-07
4.822836739665823380e+00 9.293433649705846762e-07
4.833691333933149537e+00 9.197791635225623416e-07
4.844545928200476581e+00 9.294299334268803594e-07
4.855400522467803626e+00 9.244468411473410355e-07
4.866255116735130670e+00 9.244879437837404133e-07
4.877109711002458603e+00 9.122568555552650545e-07
4.887964305269784759e+00 9.185008594697599380e-07
4.898818899537111804e+00 9.200341594916530870e-07
4.909673493804437960e+00 8.899232708655517022e-07
4.920528088071765893e+00 9.096831842834306041e-07
4.931382682339092050e+00 8.945238496084232151e-07
4.942237276606419982e+00 8.926611620305167779e-07
4.953091870873746139e+00 8.919078511430062505e-07
4.963946465141073183e+00 8.884338848422158999e-07
4.974801059408400228e+00 9.014107374153842655e-07
4.985655653675727272e+00 8.741056472817958663e-07
4.996510247943053429e+00 8.879750496883513049e-07
4.996510247943053429e+00 1
