0.0006149547472453995 1
0.0006149547472453995 0.009614119473257214
0.0006414654394275221 0.0087339907063869
0.0006665587580416538 0.007674391916762174
0.0006860277540769201 0.006134384599803032
0.0007087779353593885 0.005021309051157082
0.000739337372944716 0.004258123864108399
0.0007712151516982053 0.0035668102718236054
0.0008044670293765031 0.0030049243959516126
0.0008391512411970177 0.0025839639916339875
0.0008753310166013245 0.002216518911304729
0.0009130680668507062 0.0019711483476952674
0.0009524293704973676 0.0018158254153707177
0.0009934849806864476 0.001727077724551736
0.0010363139052573234 0.0015728344663642575
0.0010809879133186367 0.0014536561712301405
0.0011275849010710058 0.0013871498759209454
0.0011761938525378843 0.0012767979974003464
0.0012269023418934792 0.0011271099664833316
0.001278164473254205 0.0009660436410984992
0.0013247810139698562 0.0007803405149129343
0.001376601471463464 0.0007067836058144933
0.0014359415287409968 0.0006722398592660717
0.0014978491300100983 0.0005895498856420876
0.0015624189564449396 0.0005462194521288498
0.0016297738684026323 0.0004998896501215416
0.0017000377025024932 0.0004398396162653914
0.0017733273439391138 0.0003966375093167583
0.0018497695857006412 0.00037509368447689157
0.0019295064974890646 0.0003558849481126707
0.0020126923317151605 0.00031364745512605903
0.00209945906672896 0.00028563597381683724
0.0021899637398744565 0.00026399249567819137
0.002284379127755468 0.00023189950993611125
0.0023828560581795177 0.00021362624707894584
0.0024855785371623797 0.00019647054135288862
0.0025927341544649857 0.00017644810849175603
0.0027045233865401006 0.0001484084395587374
0.0028211149930499027 0.00013504352285362238
0.0029427292194942594 0.00012481087779987865
0.0030695878532176354 0.00011450576284474182
0.003201911934753156 0.00010643827951255713
0.0033399491386629284 0.0000956694739425344
0.0034839397324128696 0.00008521836636430739
0.0036341302129972272 0.00007799022751707842
0.0037908012140362114 0.00006998480839727917
0.00395422594614199 0.00006290415284800665
0.004124694990049388 0.00005672555538121332
0.004302512218986939 0.000051279775985095714
0.00448799725686396 0.0000460915867378929
0.004681475678819019 0.00004176927585005768
0.004883269332742441 0.00004045071300533922
0.005093781400761055 0.00003726326982484275
0.005296422232266009 0.000033279105969420675
0.005542462886844433 0.00002877752463090959
0.005781377396222587 0.000027371035418422036
0.006030592166907154 0.000025948073550906986
0.00629055909247409 0.000024139684878763938
0.006561742895265569 0.00002201986644545938
0.006844617336967732 0.000020086199165856534
0.007139676670448827 0.00001864044675371373
0.007447449691746483 0.000017469744971872177
0.007768483461639452 0.00001654796082353439
0.008103335384236132 0.00001618398306151219
0.008452619633437268 0.000015853979625537623
0.00881700396232081 0.000014568845974588432
0.009197063138795864 0.000014016726186874796
0.009593488058341551 0.000013787303742535574
0.010006978826850185 0.000013933469186110198
0.010438277997199014 0.000014313922878218893
0.010888157616039939 0.000014850113755812899
0.011357402294730739 0.000015828802202428452
0.011846863766119499 0.000016982988722731594
0.012357442440343073 0.000017793317357546042
0.012890000221457268 0.000019122071740123537
0.013445425440224977 0.00002223240934310783
0.01394423983361678 0.000027572594512965675
0.014378602933726255 0.000033543613473745396
0.014769727754565636 0.00004077745217015567
0.015084430236569378 0.00004996092447033986
0.015346830993758009 0.0000621960723989609
0.015583837259822347 0.00007987426306655697
0.015733757780072934 0.0000982782927156873
0.0158546346708229 0.00012536416099739688
0.015915293149724275 0.0001567051111043716
0.015915293149724275 1